6.446020400000000000e+07
2.172543500000000000e+06
2.148667500000000000e+06
1.949713000000000000e+06
8.864725000000000000e+05
3.719272187500000000e+05
1.839451875000000000e+05
1.331425312500000000e+05
8.617576562500000000e+04
6.012262500000000000e+04
4.013451562500000000e+04
2.130036132812500000e+04
1.492557324218750000e+04
1.414942675781250000e+04
1.183993945312500000e+04
8.556805664062500000e+03
1.052601367187500000e+04
8.646482421875000000e+03
6.336110351562500000e+03
4.935068359375000000e+03
4.490943847656250000e+03
4.454248535156250000e+03
4.361892578125000000e+03
3.663517578125000000e+03
3.968118408203125000e+03
2.705813476562500000e+03
2.801085937500000000e+03
2.389905273437500000e+03
2.210280517578125000e+03
2.309549804687500000e+03
2.409489501953125000e+03
1.610093383789062500e+03
1.607104125976562500e+03
1.580563354492187500e+03
1.491956909179687500e+03
1.417349121093750000e+03
1.190835449218750000e+03
1.291217529296875000e+03
1.248221191406250000e+03
1.330291137695312500e+03
1.059303588867187500e+03
1.064454467773437500e+03
6.575919189453125000e+02
9.685817871093750000e+02
8.724633789062500000e+02
9.361257324218750000e+02
7.944847412109375000e+02
8.117825317382812500e+02
6.639329833984375000e+02
7.340529174804687500e+02
