7.739575625985568195e+02
6.391038855887245518e+01
8.215149475926079248e+00
1.011396819605019459e+01
4.687709188516095971e+00
4.455038467604324204e+00
1.968118806351221162e+00
2.807996280913698683e+00
1.633265325242584387e+00
1.381266810543913648e+00
1.027061139883334029e+00
7.818752596060051241e-01
9.366638861959662998e-01
8.586604516165640133e-01
4.689870339867486804e-01
5.010922215051563100e-01
5.085207784447988155e-01
4.241975478031034252e-01
3.738502583777590371e-01
3.838858133689259655e-01
4.720646233601324959e-01
4.786093106207456316e-01
3.024549880710160621e-01
2.617604191701844996e-01
3.503568147102371078e-01
3.599116289402811142e-01
2.939046730214144310e-01
2.633957700842476934e-01
2.757637323225683446e-01
2.331735384391060706e-01
2.822287787045517637e-01
2.388426898012294686e-01
2.518714958723262676e-01
2.268054232186007824e-01
2.278801012805874437e-01
2.805930790515737128e-01
2.318111610588740878e-01
2.390512115150860983e-01
2.751345184961241919e-01
2.270745399850187807e-01
2.489720448065145253e-01
2.241663783051054681e-01
2.491191800396700962e-01
2.652599552277022377e-01
2.258674373525567380e-01
2.517286570914215038e-01
2.236615476103261113e-01
2.343658210479217796e-01
2.398801923851936468e-01
2.244633628865915220e-01
