4.446189498901367188e+01
4.372343540191650391e+00
4.376219213008880615e-01
3.035061657428741455e-01
5.221562087535858154e-02
2.759999334812164307e-01
1.688778400421142578e-01
1.562304198741912842e-01
8.086627721786499023e-02
1.232597902417182922e-01
1.133889630436897278e-01
1.052821129560470581e-01
9.842882305383682251e-02
7.413568347692489624e-02
1.113045886158943176e-01
7.807864248752593994e-02
8.265016973018646240e-02
5.185255780816078186e-02
7.316289097070693970e-02
5.218531936407089233e-02
6.328752636909484863e-02
7.411124557256698608e-02
7.282512634992599487e-02
6.440576910972595215e-02
6.942350417375564575e-02
6.028047576546669006e-02
5.890943482518196106e-02
5.287333577871322632e-02
5.731442943215370178e-02
4.543592035770416260e-02
6.001523137092590332e-02
6.740570813417434692e-02
5.685250833630561829e-02
5.682169273495674133e-02
5.207161977887153625e-02
5.613321810960769653e-02
5.286173149943351746e-02
6.229109689593315125e-02
7.181623578071594238e-02
5.631922185420989990e-02
5.420805513858795166e-02
4.641247540712356567e-02
5.309283360838890076e-02
5.208493769168853760e-02
5.735852569341659546e-02
5.339867994189262390e-02
5.384718254208564758e-02
4.633309319615364075e-02
5.484902113676071167e-02
5.353624001145362854e-02
