6.448070417458391190e+07
2.176225466449716594e+06
2.117493479450079147e+06
1.947826589978322387e+06
8.899876259900565492e+05
3.829752115328580840e+05
9.720512183172113146e+04
1.321392627204073360e+05
9.310862649977937690e+04
6.088671462254241487e+04
4.022644313744863757e+04
6.620415311656375707e+04
1.091099464708377491e+04
1.277613846985100645e+04
1.836899025758882635e+04
7.290409886146451754e+03
1.132580204169178069e+04
5.493815080453392511e+03
6.812240271585601477e+03
7.092299793952528489e+03
8.885665228688745628e+03
8.895493948563971571e+03
1.246832535411071512e+04
5.399752238969807877e+03
8.616569608662004612e+03
6.214865030673491674e+03
4.708421809310157187e+03
3.151515191239922387e+03
2.075206469037974330e+03
6.442845779631199548e+03
3.163905703770898981e+03
4.362172708723806863e+03
2.398167542463645532e+03
2.848507103139234914e+03
2.367423596757050746e+03
1.803792130234434353e+03
2.251079910135320006e+03
1.704363671934237345e+03
1.752361523318511445e+03
2.245073999985743740e+03
1.405148499668619934e+03
1.926532862382645590e+03
1.322520406538612178e+03
1.382647495084961520e+03
1.241485815446558263e+03
1.917963278867689041e+03
1.170202873421816093e+03
1.105943516757546149e+03
9.135450224766499332e+02
1.102097885592054126e+03
